Date	Open	High	Low	Close	Adj Close	Volume
10/28/2020	121.010002	121.529999	118.32	118.470001	118.470001	11654700
10/29/2020	118.160004	122.629997	117.230003	121.540001	121.540001	9583700
10/30/2020	120.639999	121.75	119.089996	121.25	121.25	8090200
11/2/2020	122.239998	122.93	119.809998	120.129997	120.129997	9186000
11/3/2020	121.610001	125.07	121.370003	124.019997	124.019997	8144900
11/4/2020	123.580002	126.860001	123.410004	125.07	125.07	7483000
11/5/2020	126.779999	128.619995	125.800003	126.959999	126.959999	7654800
11/6/2020	126.260002	128.039993	124.610001	127.459999	127.459999	6259700
11/9/2020	140.259995	147.679993	138.070007	142.589996	142.589996	35634700
11/10/2020	139.970001	142.369995	137.669998	142.110001	142.110001	18115400
11/11/2020	141.470001	142	136.619995	137.820007	137.820007	9600900
11/12/2020	136.339996	138.490005	134.100006	135.520004	135.520004	13768200
11/13/2020	140.899994	141.190002	136.520004	138.360001	138.360001	21062300
11/16/2020	141.570007	144.740005	141.570007	144.669998	144.669998	16382500
11/17/2020	144.399994	144.830002	142.559998	144.5	144.5	9354900
11/18/2020	144.5	145.479996	143.350006	143.899994	143.899994	9456200
11/19/2020	142.570007	143.300003	141.699997	141.720001	141.720001	8892500
11/20/2020	141.710007	142.610001	140.860001	141.070007	141.070007	8481600
11/23/2020	142.449997	147.75	141.699997	145.979996	145.979996	12887000
11/24/2020	148.160004	151.860001	147.850006	151.490005	151.490005	16711700
11/25/2020	150.270004	150.270004	147.240005	149.089996	149.089996	9552000
11/27/2020	149	150.350006	146.529999	147.130005	147.130005	5306400
11/30/2020	147.059998	148.690002	146.289993	148.009995	148.009995	9710100
12/1/2020	149.570007	151.399994	149	149.440002	149.440002	8827800
12/2/2020	149.490005	154.009995	148.339996	153.610001	153.610001	10601900
12/3/2020	153.449997	154.440002	152.130005	153.240005	153.240005	9063200
12/4/2020	153.690002	154.679993	152.809998	154.139999	154.139999	6033300
12/7/2020	153.179993	153.880005	152.259995	153.679993	153.679993	6815500
12/8/2020	152.419998	154.880005	152.25	153.720001	153.720001	7900600
12/9/2020	156.289993	157.460007	153.889999	154.429993	154.429993	10804300
12/10/2020	153.320007	155.339996	152.5	154.690002	154.690002	8993200
12/11/2020	169.679993	179.449997	165.330002	175.720001	175.720001	87410700
12/14/2020	173.800003	177.300003	168.809998	169.300003	169.300003	30939400
12/15/2020	170.490005	174.470001	167.820007	173.940002	173.940002	18817200
12/16/2020	173.990005	174.850006	171.619995	173.119995	173.119995	11105800
12/17/2020	173.820007	174.839996	171.960007	173.550003	173.550003	9004600
12/18/2020	173.600006	175.839996	172.279999	172.889999	172.889999	21172100
12/21/2020	170.089996	171.940002	168.190002	170.690002	170.690002	11424200
12/22/2020	170	171.449997	169.160004	170.449997	170.449997	6419200
12/23/2020	172.960007	175.949997	172.300003	173.550003	173.550003	9994000
12/24/2020	173.990005	174.580002	172.380005	173.729996	173.729996	2721000
12/28/2020	175.75	179.919998	175.050003	178.860001	178.860001	13145400
12/29/2020	180.009995	180.199997	176.220001	177.300003	177.300003	6875400
12/30/2020	178.5	183.399994	178.369995	181.169998	181.169998	11680400
12/31/2020	181.220001	183.399994	180.270004	181.179993	181.179993	7073500
1/4/2021	182.259995	182.589996	174.729996	177.679993	177.679993	13426600
1/5/2021	176.199997	180.339996	176.199997	178.440002	178.440002	7771800
1/6/2021	178.320007	181.610001	177.279999	179.119995	179.119995	7517800
1/7/2021	179.5	179.949997	177.580002	178.580002	178.580002	7300800
1/8/2021	178.809998	180.020004	176.600006	178.690002	178.690002	7894500
1/11/2021	177.75	181.259995	177.350006	179.089996	179.089996	6464100
1/12/2021	177.300003	178.320007	174.860001	175.990005	175.990005	8349800
1/13/2021	174.399994	177.729996	173.740005	176.119995	176.119995	6839500
1/14/2021	177.009995	178.350006	173.399994	173.429993	173.429993	8951200
1/15/2021	172.949997	174.190002	170.169998	171.440002	171.440002	12232500
1/19/2021	172.100006	173.710007	171.440002	172.259995	172.259995	7834700
1/20/2021	175.220001	177.880005	173	173.639999	173.639999	9809200
1/21/2021	173.240005	175	171.020004	171.279999	171.279999	8423900
1/22/2021	174	175.25	171.889999	172.779999	172.779999	9517200
1/25/2021	171.889999	173.110001	168.770004	171.889999	171.889999	7833700
1/26/2021	173	173.350006	169.050003	169.559998	169.559998	7523200
1/27/2021	165.009995	166.339996	160.520004	163.029999	163.029999	18239200
1/28/2021	166.169998	172.880005	165.949997	171.880005	171.880005	14449100
1/29/2021	168.800003	169.809998	165.789993	168.169998	168.169998	12840900
2/1/2021	170.839996	171.729996	168.029999	170.970001	170.970001	8140400
2/2/2021	173.770004	179.759995	172.800003	176.960007	176.960007	12215200
2/3/2021	177	178.429993	175.759995	176.429993	176.429993	5508600
2/4/2021	177.589996	181.380005	176.490005	180.229996	180.229996	9035400
2/5/2021	181.710007	182.320007	179.330002	181.160004	181.160004	6597700
2/8/2021	183.850006	190.639999	183.300003	190	190	16085700
2/9/2021	188.169998	189.25	186.039993	188.210007	188.210007	11270800
2/10/2021	189.979996	190.699997	185.809998	189.630005	189.630005	11464600
2/11/2021	189.179993	191.25	188.070007	190.910004	190.910004	17325200
2/12/2021	193	193.850006	186.559998	187.669998	187.669998	27200900
2/16/2021	187.300003	188.440002	184.860001	186.350006	186.350006	11630700
2/17/2021	185.360001	187.630005	182.160004	186.440002	186.440002	11391800
2/18/2021	184.789993	186.399994	182.839996	183	183	12380900
2/19/2021	184.270004	184.779999	182.789993	183.649994	183.649994	8834500
2/22/2021	181.740005	194.020004	181.529999	191.759995	191.759995	18799600
2/23/2021	193.589996	198.940002	188.660004	197.089996	197.089996	23191400
2/24/2021	197.580002	200.600006	195.330002	197.509995	197.509995	16205900
2/25/2021	197.729996	197.960007	190.380005	190.979996	190.979996	12712000
2/26/2021	190.070007	191.610001	185.449997	189.039993	189.039993	15841000
3/1/2021	193.229996	196.899994	191.389999	194.979996	194.979996	10699500
3/2/2021	196.100006	197.960007	193.490005	193.940002	193.940002	8362600
3/3/2021	194.630005	196.809998	192.210007	192.259995	192.259995	8737600
3/4/2021	189.899994	192.479996	184.119995	188.029999	188.029999	12523700
3/5/2021	189.149994	190.570007	183.339996	189.990005	189.990005	10167900
3/8/2021	197.309998	203.020004	193.789993	201.910004	201.910004	25069300
3/9/2021	200.190002	201.699997	194.369995	194.509995	194.509995	23259400
3/10/2021	197.309998	198.800003	194.679993	195.059998	195.059998	13649100
3/11/2021	197.380005	199.050003	195.399994	196.75	196.75	11920400
3/12/2021	196.529999	198.410004	195.179993	197.160004	197.160004	13241900
3/15/2021	198.539993	198.539993	194.809998	196.759995	196.759995	10311400
3/16/2021	196.100006	196.589996	192.880005	194.240005	194.240005	9602100
3/17/2021	193.440002	196.190002	191.779999	195.240005	195.240005	14363600
3/18/2021	194.949997	195.080002	191.740005	192.279999	192.279999	9634100
3/19/2021	190.919998	194	189.759995	191.139999	191.139999	26265400
3/22/2021	193.259995	196.330002	192	192.860001	192.860001	8838500
3/23/2021	191.589996	192.339996	187.970001	188.729996	188.729996	10701200
3/24/2021	190.059998	190.5	184.639999	184.720001	184.720001	13549100
3/25/2021	181.850006	187.710007	181.009995	186.910004	186.910004	9609200
3/26/2021	188.830002	188.979996	182.570007	185.919998	185.919998	10177100
3/29/2021	185.240005	185.940002	183.149994	184.850006	184.850006	7544700
3/30/2021	183.830002	186.320007	183.559998	185.529999	185.529999	5929700
3/31/2021	185.830002	186.899994	184.419998	184.520004	184.520004	8478000
4/1/2021	186.429993	189.100006	185.589996	188.970001	188.970001	7735800
4/5/2021	191.470001	191.669998	188.089996	188.5	188.5	7405300
4/6/2021	188.5	191.279999	187.869995	189.729996	189.729996	7926200
4/7/2021	189.800003	190.330002	186.949997	187.559998	187.559998	6238700
4/8/2021	187.199997	188.050003	185.630005	187.320007	187.320007	7763000
4/9/2021	188.169998	188.220001	186.149994	187.889999	187.889999	6083100
4/12/2021	187.75	187.850006	185.479996	186.490005	186.490005	6662500
4/13/2021	185.589996	186.440002	184.600006	185.490005	185.490005	6826500
4/14/2021	185.970001	190.399994	185.710007	187.460007	187.460007	9089900
4/15/2021	188.089996	188.899994	185.699997	185.929993	185.929993	7262500
4/16/2021	187.570007	189.470001	186.199997	187.259995	187.259995	9449100
4/19/2021	187.509995	190.330002	185.649994	187.429993	187.429993	7625800
4/20/2021	187.289993	188.080002	181.820007	182.789993	182.789993	10765800
4/21/2021	181.289993	183.380005	178.860001	183.110001	183.110001	8400200
4/22/2021	184.220001	184.880005	181.259995	182.759995	182.759995	7378300
4/23/2021	182.350006	183.899994	181.960007	183.020004	183.020004	6075500
4/26/2021	183.960007	185.600006	183.259995	184.270004	184.270004	6178300
4/27/2021	184.990005	185.809998	184.149994	184.639999	184.639999	4868000
