Date	Open	High	Low	Close	Adj Close	Volume
10/28/2020	486.359985	494	483.279999	486.23999	486.23999	5992700
10/29/2020	488.5	513.900024	479.339996	504.209991	504.209991	11120700
10/30/2020	502.01001	505.880005	472.209991	475.73999	475.73999	7807900
11/2/2020	478.869995	486.299988	475	484.119995	484.119995	4408200
11/3/2020	484.929993	495.309998	478.76001	487.220001	487.220001	3690200
11/4/2020	495.359985	507.730011	493.980011	496.950012	496.950012	5137300
11/5/2020	506.559998	518.72998	503.450012	513.76001	513.76001	5372800
11/6/2020	515	515.210022	502.51001	514.72998	514.72998	4236300
11/9/2020	485.540009	495.850006	467.26001	470.5	470.5	10419700
11/10/2020	470.950012	484.600006	463.410004	480.23999	480.23999	8306100
11/11/2020	483	491.679993	478.26001	490.76001	490.76001	5460500
11/12/2020	491	496.519989	480.429993	486.769989	486.769989	5063700
11/13/2020	486.769989	488.940002	477.799988	482.839996	482.839996	3002700
11/16/2020	480	485.579987	477.299988	479.100006	479.100006	3953600
11/17/2020	480.119995	487.51001	478.850006	480.630005	480.630005	3698100
11/18/2020	481.950012	488.609985	477.720001	481.790009	481.790009	3629200
11/19/2020	482	487.799988	480.470001	484.670013	484.670013	2254700
11/20/2020	485.220001	494.76001	481.570007	488.23999	488.23999	4253400
11/23/2020	490.459991	491.149994	475.839996	476.619995	476.619995	5416600
11/24/2020	478.839996	484.049988	475.890015	482.880005	482.880005	3550500
11/25/2020	485.130005	486.899994	478.920013	485	485	3598600
11/27/2020	486.579987	493.25	481.850006	491.359985	491.359985	2805800
11/30/2020	490.079987	492.549988	481.269989	490.700012	490.700012	3530900
12/1/2020	492.339996	509.470001	491.980011	504.579987	504.579987	5063200
12/2/2020	501.619995	506.799988	493.5	503.380005	503.380005	3028400
12/3/2020	502.98999	508.769989	496.040009	497.519989	497.519989	2826100
12/4/2020	497.5	504.5	493.640015	498.309998	498.309998	3666200
12/7/2020	500.01001	517.76001	497.769989	515.780029	515.780029	4289300
12/8/2020	517.900024	521.48999	505.549988	512.659973	512.659973	4229000
12/9/2020	510.529999	514.5	491.290009	493.600006	493.600006	4178800
12/10/2020	494.559998	503.769989	492.910004	501.089996	501.089996	3018200
12/11/2020	495	503.339996	494.850006	503.220001	503.220001	3210900
12/14/2020	505.440002	524.159973	501.179993	522.419983	522.419983	5770400
12/15/2020	518.5	524.700012	513.559998	519.780029	519.780029	3398200
12/16/2020	520.109985	527.380005	517.690002	524.830017	524.830017	3682400
12/17/2020	529	535.48999	526.440002	532.900024	532.900024	3193400
12/18/2020	533.200012	536.369995	526.02002	534.450012	534.450012	4502700
12/21/2020	530.049988	532.619995	521.150024	528.909973	528.909973	3894000
12/22/2020	527.690002	530.400024	520.5	527.330017	527.330017	1906600
12/23/2020	524.76001	526.320007	514.200012	514.47998	514.47998	2393200
12/24/2020	515.119995	519.349976	512.210022	513.969971	513.969971	1144000
12/28/2020	516.429993	523.659973	507.130005	519.119995	519.119995	2891900
12/29/2020	519.900024	536.549988	515.47998	530.869995	530.869995	4022400
12/30/2020	530.130005	533.26001	523.690002	524.590027	524.590027	1876300
12/31/2020	525.530029	545.5	523.150024	540.72998	540.72998	5392300
1/4/2021	539	540.799988	515.090027	522.859985	522.859985	4444400
1/5/2021	521.549988	526.780029	515.890015	520.799988	520.799988	3133900
1/6/2021	511.970001	513.099976	499.5	500.48999	500.48999	5346200
1/7/2021	508.279999	516.440002	506.420013	508.890015	508.890015	3686400
1/8/2021	511.309998	513.23999	504.51001	510.399994	510.399994	2973900
1/11/2021	507.839996	510.730011	497.950012	499.100006	499.100006	3812700
1/12/2021	500	501.089996	485.670013	494.25	494.25	5990400
1/13/2021	495.5	512.349976	493.01001	507.790009	507.790009	5032100
1/14/2021	507.350006	514.5	499.579987	500.859985	500.859985	4177400
1/15/2021	500	506.320007	495.100006	497.980011	497.980011	5895800
1/19/2021	501	509.25	493.540009	501.769989	501.769989	12315800
1/20/2021	565.419983	593.289978	556.859985	586.340027	586.340027	32637500
1/21/2021	582.450012	588.75	570.400024	579.840027	579.840027	11840600
1/22/2021	582.099976	583.98999	564.349976	565.169983	565.169983	7550800
1/25/2021	567	569.75	548.650024	556.780029	556.780029	7207300
1/26/2021	554.72998	567.98999	554.059998	561.929993	561.929993	5023800
1/27/2021	550.710022	556.419983	515.72998	523.280029	523.280029	8670300
1/28/2021	535.880005	553.150024	530.73999	538.599976	538.599976	5969000
1/29/2021	538	541	530.179993	532.390015	532.390015	4321500
2/1/2021	536.789978	545.059998	531.72998	539.039978	539.039978	3547500
2/2/2021	542.01001	555.47998	538.929993	548.159973	548.159973	3767600
2/3/2021	550.169983	550.47998	538.23999	539.450012	539.450012	3172300
2/4/2021	539.809998	559.47998	537.51001	552.159973	552.159973	5164500
2/5/2021	552.26001	554.440002	545.47998	550.789978	550.789978	2374300
2/8/2021	555	555	543.700012	547.919983	547.919983	2791700
2/9/2021	546	566	543	559.070007	559.070007	3703500
2/10/2021	562.5	566.650024	553.460022	563.590027	563.590027	3991300
2/11/2021	564.440002	565.929993	554.219971	557.590027	557.590027	2726700
2/12/2021	556.940002	561.25	550.849976	556.52002	556.52002	2195900
2/16/2021	557.289978	563.630005	552.72998	557.280029	557.280029	2624100
2/17/2021	550.98999	555.25	543.030029	551.340027	551.340027	2069600
2/18/2021	549	550	538.22998	548.219971	548.219971	2456200
2/19/2021	548	548.98999	538.809998	540.219971	540.219971	2841500
2/22/2021	534.98999	541.789978	530.789978	533.780029	533.780029	3078600
2/23/2021	525	548.539978	518.280029	546.150024	546.150024	4136500
2/24/2021	539.799988	556.849976	539.070007	553.409973	553.409973	3245000
2/25/2021	550.27002	556.47998	535.75	546.700012	546.700012	4252900
2/26/2021	546.51001	553.090027	538	538.849976	538.849976	3754600
3/1/2021	545.570007	552.140015	542	550.640015	550.640015	3041400
3/2/2021	553.340027	556.98999	546.02002	547.820007	547.820007	3039100
3/3/2021	545.929993	548.01001	517.809998	520.700012	520.700012	5355500
3/4/2021	521.5	531.5	507.679993	511.290009	511.290009	5027100
3/5/2021	511.980011	517.76001	498.790009	516.390015	516.390015	5068700
3/8/2021	514.460022	518.840027	492.850006	493.329987	493.329987	3979000
3/9/2021	507.309998	513.109985	503.820007	506.440002	506.440002	3462000
3/10/2021	513.5	518.969971	504.25	504.540009	504.540009	3768900
3/11/2021	512.200012	530.23999	510.709991	523.059998	523.059998	4711000
3/12/2021	512.5	526.51001	506.589996	518.02002	518.02002	3980300
3/15/2021	516.320007	520.72998	508.029999	520.25	520.25	3484300
3/16/2021	524.469971	533.419983	523.210022	524.030029	524.030029	3216800
3/17/2021	522	528.369995	514.299988	524.440002	524.440002	2792800
3/18/2021	516.400024	517.900024	503.850006	504.790009	504.790009	4094500
3/19/2021	504.959991	513.190002	501.630005	512.179993	512.179993	4384500
3/22/2021	509.130005	529.309998	509.130005	523.109985	523.109985	3360600
3/23/2021	529.869995	543.119995	529.400024	535.090027	535.090027	5583500
3/24/2021	533.780029	534.419983	520	520.809998	520.809998	4102200
3/25/2021	516.98999	518.530029	497	502.859985	502.859985	4926800
3/26/2021	502.820007	508.720001	496.679993	508.049988	508.049988	3464200
3/29/2021	505.660004	518	504.399994	513.950012	513.950012	3330000
3/30/2021	510.51001	514.409973	506.910004	513.390015	513.390015	2418100
3/31/2021	515.669983	528.130005	515.440002	521.659973	521.659973	3503100
4/1/2021	529.929993	540.5	527.030029	539.419983	539.419983	3938600
4/5/2021	540.01001	542.849976	529.22998	540.669983	540.669983	3355900
4/6/2021	544.809998	554.169983	543.299988	544.530029	544.530029	3474200
4/7/2021	543.5	549.640015	541.450012	546.98999	546.98999	2151300
4/8/2021	551.130005	556.900024	547.570007	554.580017	554.580017	4309800
4/9/2021	552.690002	556.900024	547.109985	555.309998	555.309998	2886600
4/12/2021	551.049988	557.97998	549.580017	552.780029	552.780029	2944100
4/13/2021	557	559.75	550.299988	553.72998	553.72998	2720300
4/14/2021	554.869995	554.869995	538.530029	540.02002	540.02002	3740300
4/15/2021	544.169983	553.48999	542.659973	549.219971	549.219971	3139100
4/16/2021	550.539978	551.97998	539.51001	546.539978	546.539978	3206000
4/19/2021	546.900024	556.440002	545.530029	554.440002	554.440002	4288700
4/20/2021	554.419983	563.559998	546.299988	549.570007	549.570007	11257600
4/21/2021	508	515.460022	503.600006	508.899994	508.899994	22897400
4/22/2021	513.820007	513.960022	500.549988	508.779999	508.779999	9061100
4/23/2021	509.01001	509.700012	500.700012	505.549988	505.549988	7307700
4/26/2021	506.76001	510.480011	503	510.299988	510.299988	4388800
4/27/2021	512.619995	512.98999	504.579987	505.549988	505.549988	3757700
